       -0.1946473247101027 
       -0.1946473247101027 
       -0.1942569612143045 
       -0.1936086984114992 
       -0.1927060225402402 
       -0.1915537583148645 
       -0.1901580142272395 
       -0.1885261140637291 
       -0.1866665159441738 
       -0.1845887203999556 
       -0.1823031691756668 
       -0.1798211365601442 
       -0.1771546151260113 
       -0.1743161977824833 
       -0.1713189580257816 
       -0.1681763302082736 
       -0.1649019915458640 
       -0.1615097474486377 
       -0.1580134215984124 
       -0.1544267520152049 
       -0.1507632941592611 
       -0.1470363319126814 
       -0.1432587970808671 
       -0.1394431978544960 
       -0.1356015564822786 
       -0.1317453562273405 
       -0.1278854975188102 
       -0.1240322630673560 
       -0.1201952915904405 
       -0.1163835596906149 
       -0.1126053713482553 
       -0.1088683544281621 
       -0.1051794635563045 
       -0.1015449886972679 
       -0.0979705687529122 
       -0.0944612095064849 
       -0.0910213052519766 
       -0.0876546634738482 
       -0.0843645319754761 
       -0.0811536278938922 
       -0.0780241680819548 
       -0.0749779003854239 
       -0.0720161353901791 
       -0.0691397782628401 
       -0.0663493603553488 
       -0.0636450702898360 
       -0.0610267842837100 
       -0.0584940955158751 
       -0.0560463423729911 
       -0.0536826354494968 
       -0.0514018832066403 
       -0.0492028162239613 
       -0.0470840100016046 
       -0.0450439062936292 
       -0.0430808329712499 
       -0.0411930224309140 
       -0.0393786285754591 
       -0.0376357424075562 
       -0.0359624062834325 
       -0.0343566268817137 
       -0.0328163869473496 
       -0.0313396558742006 
       -0.0299243991921586 
       -0.0285685870258501 
       -0.0272702015921841 
       -0.0260272438034242 
       -0.0248377390412257 
       -0.0236997421653036 
       -0.0226113418182094 
       -0.0215706640851795 
       -0.0205758755652738 
       -0.0196251859071120 
       -0.0187168498595097 
       -0.0178491688842608 
       -0.0170204923752626 
       -0.0162292185251563 
       -0.0154737948777028 
       -0.0147527186012461 
       -0.0140645365158539 
       -0.0134078449040798 
       -0.0127812891327794 
       -0.0121835631110285 
       -0.0116134086069482 
       -0.0110696144441386 
       -0.0105510155964526 
       -0.0100564921980123 
       -0.0095849684836671 
       -0.0091354116735229 
       -0.0087068308137194 
       -0.0082982755842978 
       -0.0079088350837800 
       -0.0075376365989579 
       -0.0071838443673718 
       -0.0068466583390280 
       -0.0065253129430587 
       -0.0062190758642663 
       -0.0059272468338015 
       -0.0056491564376029 
       -0.0053841649456650 
       -0.0051316611647031 
       -0.0048910613163295 
       -0.0046618079424616 
       -0.0044433688393208 
       -0.0042352360210702 
       -0.0040369247138569 
       -0.0038479723807827 
       -0.0036679377781088 
       -0.0034964000428143 
       -0.0033329578114639 
       -0.0031772283701998 
       -0.0030288468355517 
       -0.0028874653656539 
       -0.0027527524013747 
       -0.0026243919367849 
       -0.0025020828183375 
       -0.0023855380720771 
       -0.0022744842581612 
       -0.0021686608519425 
       -0.0020678196508426 
       -0.0019717242062275 
       -0.0018801492794881 
       -0.0017928803215245 
       -0.0017097129748303 
       -0.0016304525973802 
       -0.0015549138075285 
       -0.0014829200491375 
       -0.0014143031761670 
       -0.0013489030559699 
       -0.0012865671905551 
       -0.0012271503550972 
       -0.0011705142529884 
       -0.0011165271867506 
       -0.0010650637441422 
       -0.0010160044988176 
       -0.0009692357249144 
       -0.0009246491249680 
       -0.0008821415705701 
       -0.0008416148552113 
       -0.0008029754587668 
       -0.0007661343231045 
       -0.0007310066383161 
       -0.0006975116390880 
       -0.0006655724107534 
       -0.0006351157045787 
       -0.0006060717618621 
       -0.0005783741464353 
       -0.0005519595851782 
       -0.0005267678161743 
       -0.0005027414441472 
       -0.0004798258028376 
       -0.0004579688239940 
       -0.0004371209126633 
       -0.0004172348284844 
       -0.0003982655726979 
       -0.0003801702806014 
       -0.0003629081191897 
       -0.0003464401897317 
       -0.0003307294350483 
       -0.0003157405512654 
       -0.0003014399038265 
       -0.0002877954475609 
       -0.0002747766506113 
       -0.0002623544220344 
       -0.0002505010428987 
       -0.0002391901007080 
       -0.0002283964269921 
       -0.0002180960379100 
       -0.0002082660777196 
       -0.0001988847649758 
       -0.0001899313413245 
       -0.0001813860227653 
       -0.0001732299532649 
       -0.0001654451606060 
       -0.0001580145143635 
       -0.0001509216859042 
       -0.0001441511103124 
       -0.0001376879501478 
       -0.0001315180609456 
       -0.0001256279583763 
       -0.0001200047869817 
       -0.0001146362904140 
       -0.0001095107831016 
       -0.0001046171232750 
       -0.0000999446872852 
       -0.0000954833451529 
       -0.0000912234372879 
       -0.0000871557523229 
       -0.0000832715060065 
       -0.0000795623211059 
       -0.0000760202082683 
       -0.0000726375477962 
       -0.0000694070722918 
       -0.0000663218501280 
       -0.0000633752697074 
       -0.0000605610244696 
       -0.0000578730986118 
       -0.0000553057534882 
       -0.0000528535146548 
       -0.0000505111595292 
       -0.0000482737056353 
       -0.0000461363994055 
       -0.0000440947055124 
       -0.0000421442967056 
       -0.0000402810441290 
       -0.0000385010080953 
       -0.0000368004292961 
       -0.0000351757204264 
       -0.0000336234582044 
       -0.0000321403757663 
       -0.0000307233554199 
       -0.0000293694217381 
       -0.0000280757349775 
       -0.0000268395848061 
       -0.0000256583843246 
       -0.0000245296643686 
       -0.0000234510680776 
       -0.0000224203457180 
       -0.0000214353497484 
       -0.0000204940301157 
       -0.0000195944297705 
       -0.0000187346803921 
       -0.0000179129983128 
       -0.0000171276806319 
       -0.0000163771015111 
       -0.0000156597086417 
       -0.0000149740198763 
       -0.0000143186200172 
       -0.0000136921577538 
       -0.0000130933427416 
       -0.0000125209428171 
       -0.0000119737813418 
       -0.0000114507346687 
       -0.0000109507297262 
       -0.0000104727417139 
       -0.0000100157919041 
       -0.0000095789455459 
       -0.0000091613098648 
       -0.0000087620321554 
       -0.0000083802979612 
       -0.0000080153293387 
       -0.0000076663832013 
       -0.0000073327497388 
       -0.0000070137509102 
       -0.0000067087390051 
       -0.0000064170952715 
       -0.0000061382286061 
       -0.0000058715743047 
       -0.0000056165928702 
       -0.0000053727688745 
       -0.0000051396098726 
       -0.0000049166453669 
       -0.0000047034258175 
       -0.0000044995216993 
       -0.0000043045226005 
       -0.0000041180363632 
       -0.0000039396882627 
       -0.0000037691202242 
       -0.0000036059900753 
       -0.0000034499708323 
       -0.0000033007500186 
       -0.0000031580290150 
       -0.0000030215224380 
       -0.0000028909575479 
       -0.0000027660736823 
       -0.0000026466217164 
       -0.0000025323635466 
       -0.0000024230715986 
       -0.0000023185283567 
       -0.0000022185259151 
       -0.0000021228655489 
       -0.0000020313573052 
       -0.0000019438196116 
       -0.0000018600789032 
       -0.0000017799692659 
       -0.0000017033320961 
       -0.0000016300157756 
       -0.0000015598753609 
       -0.0000014927722866 
       -0.0000014285740821 
       -0.0000013671541014 
       -0.0000013083912642 
       -0.0000012521698095 
       -0.0000011983790592 
       -0.0000011469131938 
       -0.0000010976710364 
       -0.0000010505558475 
       -0.0000010054751288 
       -0.0000009623404356 
       -0.0000009210671975 
       -0.0000008815745472 
       -0.0000008437851571 
       -0.0000008076250829 
       -0.0000007730236145 
       -0.0000007399131331 
       -0.0000007082289752 
       -0.0000006779093022 
       -0.0000006488949760 
       -0.0000006211294400 
       -0.0000005945586057 
       -0.0000005691307441 
       -0.0000005447963816 
       -0.0000005215082015 
       -0.0000004992209486 
       -0.0000004778913390 
       -0.0000004574779735 
       -0.0000004379412549 
       -0.0000004192433090 
       -0.0000004013479089 
       -0.0000003842204029 
       -0.0000003678276455 
       -0.0000003521379315 
       -0.0000003371209329 
       -0.0000003227476384 
       -0.0000003089902961 
       -0.0000002958223585 
       -0.0000002832184294 
       -0.0000002711542142 
       -0.0000002596064711 
       -0.0000002485529659 
       -0.0000002379724274 
       -0.0000002278445055 
       -0.0000002181497315 
       -0.0000002088694789 
       -0.0000001999859275 
       -0.0000001914820275 
       -0.0000001833414667 
       -0.0000001755486378 
       -0.0000001680886079 
       -0.0000001609470893 
       -0.0000001541104114 
       -0.0000001475654937 
       -0.0000001412998202 
       -0.0000001353014152 
       -0.0000001295588193 
       -0.0000001240610675 
       -0.0000001187976672 
       -0.0000001137585784 
       -0.0000001089341933 
       -0.0000001043153182 
       -0.0000000998931551 
       -0.0000000956592849 
       -0.0000000916056507 
       -0.0000000877245424 
       -0.0000000840085813 
       -0.0000000804507062 
       -0.0000000770441593 
       -0.0000000737824734 
       -0.0000000706594589 
       -0.0000000676691925 
       -0.0000000648060047 
       -0.0000000620644699 
       -0.0000000594393950 
       -0.0000000569258100 
       -0.0000000545189580 
       -0.0000000522142860 
       -0.0000000500074364 
       -0.0000000478942381 
       -0.0000000458706991 
       -0.0000000439329982 
       -0.0000000420774780 
       -0.0000000403006375 
       -0.0000000385991257 
       -0.0000000369697352 
       -0.0000000354093955 
       -0.0000000339151678 
       -0.0000000324842387 
       -0.0000000311139153 
       -0.0000000298016196 
       -0.0000000285448840 
       -0.0000000273413462 
       -0.0000000261887449 
       -0.0000000250849152 
       -0.0000000240277849 
       -0.0000000230153701 
       -0.0000000220457715 
       -0.0000000211171710 
       -0.0000000202278279 
       -0.0000000193760759 
       -0.0000000185603197 
       -0.0000000177790318 
       -0.0000000170307502 
       -0.0000000163140748 
       -0.0000000156276654 
       -0.0000000149702388 
       -0.0000000143405664 
       -0.0000000137374720 
       -0.0000000131598293 
       -0.0000000126065602 
       -0.0000000120766323 
       -0.0000000115690570 
       -0.0000000110828879 
       -0.0000000106172189 
       -0.0000000101711823 
       -0.0000000097439472 
       -0.0000000093347183 
       -0.0000000089427337 
       -0.0000000085672642 
       -0.0000000082076115 
       -0.0000000078631066 
       -0.0000000075331095 
       -0.0000000072170068 
       -0.0000000069142115 
       -0.0000000066241614 
       -0.0000000063463180 
       -0.0000000060801659 
       -0.0000000058252112 
       -0.0000000055809814 
       -0.0000000053470236 
       -0.0000000051229043 
       -0.0000000049082084 
       -0.0000000047025382 
       -0.0000000045055131 
       -0.0000000043167684 
       -0.0000000041359548 
       -0.0000000039627381 
       -0.0000000037967980 
       -0.0000000036378277 
       -0.0000000034855336 
       -0.0000000033396342 
       -0.0000000031998603 
       -0.0000000030659539 
       -0.0000000029376677 
       -0.0000000028147651 
       -0.0000000026970195 
       -0.0000000025842138 
       -0.0000000024761401 
       -0.0000000023725993 
       -0.0000000022734005 
       -0.0000000021783612 
       -0.0000000020873064 
       -0.0000000020000685 
       -0.0000000019164871 
       -0.0000000018364083 
       -0.0000000017596849 
       -0.0000000016861760 
       -0.0000000016157464 
       -0.0000000015482667 
       -0.0000000014836131 
       -0.0000000014216667 
       -0.0000000013623139 
       -0.0000000013054458 
       -0.0000000012509581 
       -0.0000000011987507 
       -0.0000000011487281 
       -0.0000000011007984 
       -0.0000000010548739 
       -0.0000000010108705 
       -0.0000000009687075 
       -0.0000000009283077 
       -0.0000000008895972 
       -0.0000000008525052 
       -0.0000000008169638 
       -0.0000000007829080 
       -0.0000000007502755 
       -0.0000000007190066 
       -0.0000000006890443 
       -0.0000000006603337 
       -0.0000000006328225 
       -0.0000000006064603 
       -0.0000000005811992 
       -0.0000000005569929 
       -0.0000000005337972 
       -0.0000000005115700 
       -0.0000000004902706 
       -0.0000000004698601 
       -0.0000000004503015 
       -0.0000000004315590 
       -0.0000000004135986 
       -0.0000000003963874 
       -0.0000000003798942 
       -0.0000000003640889 
       -0.0000000003489427 
       -0.0000000003344281 
       -0.0000000003205187 
       -0.0000000003071892 
       -0.0000000002944154 
       -0.0000000002821740 
       -0.0000000002704427 
       -0.0000000002592003 
       -0.0000000002484264 
       -0.0000000002381013 
       -0.0000000002282063 
       -0.0000000002187235 
       -0.0000000002096356 
       -0.0000000002009262 
       -0.0000000001925795 
       -0.0000000001845803 
       -0.0000000001769141 
       -0.0000000001695670 
       -0.0000000001625257 
       -0.0000000001557774 
       -0.0000000001493100 
       -0.0000000001431117 
       -0.0000000001371712 
       -0.0000000001314779 
       -0.0000000001260214 
       -0.0000000001207918 
       -0.0000000001157797 
       -0.0000000001109761 
       -0.0000000001063721 
       -0.0000000001019596 
       -0.0000000000977305 
       -0.0000000000936772 
       -0.0000000000897924 
       -0.0000000000860690 
       -0.0000000000825003 
       -0.0000000000790799 
       -0.0000000000758016 
       -0.0000000000726595 
       -0.0000000000696479 
       -0.0000000000667614 
       -0.0000000000639948 
       -0.0000000000613430 
       -0.0000000000588014 
       -0.0000000000563653 
       -0.0000000000540303 
       -0.0000000000517922 
       -0.0000000000496471 
       -0.0000000000475909 
       -0.0000000000456201 
       -0.0000000000437311 
       -0.0000000000419204 
       -0.0000000000401848 
       -0.0000000000385213 
       -0.0000000000369267 
       -0.0000000000353983 
       -0.0000000000339333 
       -0.0000000000325290 
       -0.0000000000311830 
       -0.0000000000298927 
       -0.0000000000286560 
       -0.0000000000274705 
       -0.0000000000263341 
       -0.0000000000252449 
       -0.0000000000242007 
       -0.0000000000231999 
       -0.0000000000222405 
       -0.0000000000213209 
       -0.0000000000204393 
       -0.0000000000195943 
       -0.0000000000187843 
       -0.0000000000180078 
       -0.0000000000172635 
       -0.0000000000165500 
       -0.0000000000158660 
       -0.0000000000152104 
       -0.0000000000145819 
       -0.0000000000139794 
       -0.0000000000134019 
       -0.0000000000128482 
       -0.0000000000123175 
       -0.0000000000118087 
       -0.0000000000113210 
       -0.0000000000108535 
       -0.0000000000104053 
       -0.0000000000099757 
       -0.0000000000095638 
       -0.0000000000091689 
       -0.0000000000087904 
       -0.0000000000084276 
       -0.0000000000080797 
       -0.0000000000077462 
       -0.0000000000074265 
       -0.0000000000071201 
       -0.0000000000068263 
       -0.0000000000065446 
       -0.0000000000062746 
       -0.0000000000060157 
       -0.0000000000057676 
       -0.0000000000055297 
       -0.0000000000053016 
       -0.0000000000050829 
       -0.0000000000048733 
       -0.0000000000046723 
       -0.0000000000044797 
       -0.0000000000042950 
       -0.0000000000041179 
       -0.0000000000039481 
       -0.0000000000037854 
       -0.0000000000036294 
       -0.0000000000034798 
       -0.0000000000033364 
       -0.0000000000031989 
       -0.0000000000030670 
       -0.0000000000029407 
       -0.0000000000028195 
       -0.0000000000027033 
       -0.0000000000025920 
       -0.0000000000024852 
       -0.0000000000023828 
       -0.0000000000022847 
       -0.0000000000021906 
       -0.0000000000021004 
       -0.0000000000020139 
       -0.0000000000019309 
       -0.0000000000018514 
       -0.0000000000017752 
       -0.0000000000017021 
       -0.0000000000016320 
       -0.0000000000015649 
       -0.0000000000015005 
       -0.0000000000014387 
       -0.0000000000013795 
       -0.0000000000013227 
       -0.0000000000012683 
       -0.0000000000012161 
       -0.0000000000011661 
       -0.0000000000011181 
       -0.0000000000010721 
       -0.0000000000010280 
       -0.0000000000009857 
       -0.0000000000009451 
       -0.0000000000009063 
       -0.0000000000008690 
       -0.0000000000008333 
       -0.0000000000007990 
       -0.0000000000007661 
       -0.0000000000007346 
       -0.0000000000007044 
       -0.0000000000006755 
       -0.0000000000006477 
       -0.0000000000006211 
       -0.0000000000005955 
       -0.0000000000005711 
       -0.0000000000005476 
       -0.0000000000005251 
       -0.0000000000005035 
       -0.0000000000004828 
       -0.0000000000004630 
       -0.0000000000004440 
       -0.0000000000004257 
       -0.0000000000004082 
       -0.0000000000003915 
       -0.0000000000003754 
       -0.0000000000003600 
       -0.0000000000003452 
       -0.0000000000003310 
       -0.0000000000003174 
       -0.0000000000003044 
       -0.0000000000002919 
       -0.0000000000002799 
       -0.0000000000002684 
       -0.0000000000002574 
       -0.0000000000002468 
       -0.0000000000002367 
       -0.0000000000002270 
       -0.0000000000002177 
       -0.0000000000002087 
       -0.0000000000002001 
       -0.0000000000001919 
       -0.0000000000001841 
       -0.0000000000001765 
       -0.0000000000001693 
       -0.0000000000001623 
       -0.0000000000001557 
       -0.0000000000001493 
       -0.0000000000001432 
       -0.0000000000001373 
       -0.0000000000001316 
       -0.0000000000001262 
       -0.0000000000001211 
       -0.0000000000001161 
       -0.0000000000001113 
       -0.0000000000001068 
       -0.0000000000001024 
       -0.0000000000000982 
       -0.0000000000000942 
       -0.0000000000000903 
       -0.0000000000000866 
       -0.0000000000000831 
       -0.0000000000000797 
       -0.0000000000000764 
       -0.0000000000000733 
       -0.0000000000000703 
       -0.0000000000000674 
       -0.0000000000000646 
       -0.0000000000000620 
       -0.0000000000000594 
       -0.0000000000000570 
       -0.0000000000000547 
       -0.0000000000000524 
       -0.0000000000000503 
       -0.0000000000000482 
       -0.0000000000000462 
       -0.0000000000000443 
       -0.0000000000000425 
       -0.0000000000000408 
       -0.0000000000000391 
       -0.0000000000000375 
       -0.0000000000000360 
       -0.0000000000000345 
       -0.0000000000000331 
       -0.0000000000000317 
       -0.0000000000000304 
       -0.0000000000000292 
       -0.0000000000000280 
       -0.0000000000000268 
       -0.0000000000000257 
       -0.0000000000000247 
       -0.0000000000000237 
       -0.0000000000000227 
       -0.0000000000000218 
       -0.0000000000000209 
       -0.0000000000000200 
       -0.0000000000000192 
       -0.0000000000000184 
       -0.0000000000000177 
       -0.0000000000000170 
       -0.0000000000000163 
       -0.0000000000000156 
       -0.0000000000000150 
       -0.0000000000000143 
       -0.0000000000000138 
       -0.0000000000000132 
       -0.0000000000000127 
       -0.0000000000000121 
       -0.0000000000000116 
       -0.0000000000000112 
       -0.0000000000000107 
       -0.0000000000000103 
       -0.0000000000000098 
       -0.0000000000000094 
       -0.0000000000000091 
       -0.0000000000000087 
       -0.0000000000000083 
       -0.0000000000000080 
       -0.0000000000000077 
       -0.0000000000000074 
       -0.0000000000000071 
       -0.0000000000000068 
       -0.0000000000000065 
       -0.0000000000000062 
       -0.0000000000000060 
       -0.0000000000000057 
       -0.0000000000000055 
       -0.0000000000000053 
       -0.0000000000000051 
       -0.0000000000000048 
       -0.0000000000000046 
       -0.0000000000000045 
       -0.0000000000000043 
       -0.0000000000000041 
       -0.0000000000000039 
       -0.0000000000000038 
       -0.0000000000000036 
       -0.0000000000000035 
       -0.0000000000000033 
       -0.0000000000000032 
       -0.0000000000000031 
       -0.0000000000000029 
       -0.0000000000000028 
       -0.0000000000000027 
       -0.0000000000000026 
       -0.0000000000000025 
       -0.0000000000000024 
       -0.0000000000000023 
       -0.0000000000000022 
       -0.0000000000000021 
       -0.0000000000000020 
       -0.0000000000000019 
       -0.0000000000000019 
       -0.0000000000000018 
       -0.0000000000000017 
       -0.0000000000000016 
       -0.0000000000000016 
       -0.0000000000000015 
       -0.0000000000000014 
       -0.0000000000000014 
       -0.0000000000000013 
       -0.0000000000000013 
       -0.0000000000000012 
       -0.0000000000000012 
       -0.0000000000000011 
       -0.0000000000000011 
       -0.0000000000000010 
       -0.0000000000000010 
       -0.0000000000000010 
       -0.0000000000000009 
       -0.0000000000000009 
       -0.0000000000000008 
       -0.0000000000000008 
       -0.0000000000000008 
       -0.0000000000000007 
       -0.0000000000000007 
       -0.0000000000000007 
       -0.0000000000000007 
       -0.0000000000000006 
       -0.0000000000000006 
       -0.0000000000000006 
       -0.0000000000000006 
       -0.0000000000000005 
       -0.0000000000000005 
       -0.0000000000000005 
       -0.0000000000000005 
       -0.0000000000000005 
       -0.0000000000000004 
       -0.0000000000000004 
       -0.0000000000000004 
       -0.0000000000000004 
       -0.0000000000000004 
       -0.0000000000000004 
       -0.0000000000000003 
       -0.0000000000000003 
       -0.0000000000000003 
       -0.0000000000000003 
       -0.0000000000000003 
       -0.0000000000000003 
       -0.0000000000000003 
       -0.0000000000000003 
       -0.0000000000000002 
       -0.0000000000000002 
       -0.0000000000000002 
       -0.0000000000000002 
       -0.0000000000000002 
       -0.0000000000000002 
       -0.0000000000000002 
       -0.0000000000000002 
       -0.0000000000000002 
       -0.0000000000000002 
       -0.0000000000000002 
       -0.0000000000000002 
       -0.0000000000000001 
       -0.0000000000000001 
       -0.0000000000000001 
       -0.0000000000000001 
       -0.0000000000000001 
       -0.0000000000000001 
       -0.0000000000000001 
       -0.0000000000000001 
       -0.0000000000000001 
       -0.0000000000000001 
       -0.0000000000000001 
       -0.0000000000000001 
       -0.0000000000000001 
       -0.0000000000000001 
       -0.0000000000000001 
       -0.0000000000000001 
       -0.0000000000000001 
       -0.0000000000000001 
       -0.0000000000000001 
       -0.0000000000000001 
       -0.0000000000000001 
       -0.0000000000000001 
       -0.0000000000000001 
       -0.0000000000000001 
       -0.0000000000000001 
       -0.0000000000000001 
       -0.0000000000000001 
       -0.0000000000000001 
       -0.0000000000000001 
       -0.0000000000000001 
       -0.0000000000000000 
       -0.0000000000000000 
       -0.0000000000000000 
       -0.0000000000000000 
       -0.0000000000000000 
       -0.0000000000000000 
       -0.0000000000000000 
       -0.0000000000000000 
       -0.0000000000000000 
       -0.0000000000000000 
       -0.0000000000000000 
       -0.0000000000000000 
       -0.0000000000000000 
       -0.0000000000000000 
       -0.0000000000000000 
       -0.0000000000000000 
       -0.0000000000000000 
       -0.0000000000000000 
       -0.0000000000000000 
       -0.0000000000000000 
       -0.0000000000000000 
       -0.0000000000000000 
       -0.0000000000000000 
       -0.0000000000000000 
       -0.0000000000000000 
       -0.0000000000000000 
       -0.0000000000000000 
       -0.0000000000000000 
       -0.0000000000000000 
       -0.0000000000000000 
       -0.0000000000000000 
       -0.0000000000000000 
       -0.0000000000000000 
       -0.0000000000000000 
       -0.0000000000000000 
       -0.0000000000000000 
       -0.0000000000000000 
       -0.0000000000000000 
       -0.0000000000000000 
       -0.0000000000000000 
       -0.0000000000000000 
       -0.0000000000000000 
       -0.0000000000000000 
       -0.0000000000000000 
       -0.0000000000000000 
       -0.0000000000000000 
       -0.0000000000000000 
       -0.0000000000000000 
       -0.0000000000000000 
       -0.0000000000000000 
       -0.0000000000000000 
       -0.0000000000000000 
       -0.0000000000000000 
       -0.0000000000000000 
       -0.0000000000000000 
       -0.0000000000000000 
       -0.0000000000000000 
       -0.0000000000000000 
       -0.0000000000000000 
       -0.0000000000000000 
       -0.0000000000000000 
       -0.0000000000000000 
       -0.0000000000000000 
       -0.0000000000000000 
       -0.0000000000000000 
       -0.0000000000000000 
       -0.0000000000000000 
       -0.0000000000000000 
       -0.0000000000000000 
       -0.0000000000000000 
       -0.0000000000000000 
       -0.0000000000000000 
       -0.0000000000000000 
       -0.0000000000000000 
       -0.0000000000000000 
       -0.0000000000000000 
       -0.0000000000000000 
       -0.0000000000000000 
       -0.0000000000000000 
       -0.0000000000000000 
       -0.0000000000000000 
       -0.0000000000000000 
       -0.0000000000000000 
       -0.0000000000000000 
       -0.0000000000000000 
       -0.0000000000000000 
       -0.0000000000000000 
       -0.0000000000000000 
       -0.0000000000000000 
       -0.0000000000000000 
       -0.0000000000000000 
       -0.0000000000000000 
       -0.0000000000000000 
       -0.0000000000000000 
       -0.0000000000000000 
       -0.0000000000000000 
       -0.0000000000000000 
       -0.0000000000000000 
       -0.0000000000000000 
       -0.0000000000000000 
       -0.0000000000000000 
       -0.0000000000000000 
       -0.0000000000000000 
       -0.0000000000000000 
       -0.0000000000000000 
       -0.0000000000000000 
       -0.0000000000000000 
        0.0000000000000000 
        0.0000000000000000 
        0.0000000000000000 
        0.0000000000000000 
       -0.0000000000000000 
        0.0000000000000000 
        0.0000000000000000 
       -0.0000000000000000 
       -0.0000000000000000 
        0.0000000000000000 
       -0.0000000000000000 
       -0.0000000000000000 
       -0.0000000000000000 
        0.0000000000000000 
       -0.0000000000000000 
       -0.0000000000000000 
       -0.0000000000000000 
        0.0000000000000000 
       -0.0000000000000000 
        0.0000000000000000 
        0.0000000000000000 
        0.0000000000000000 
       -0.0000000000000000 
        0.0000000000000000 
       -0.0000000000000000 
       -0.0000000000000000 
        0.0000000000000000 
        0.0000000000000000 
        0.0000000000000000 
       -0.0000000000000000 
        0.0000000000000000 
       -0.0000000000000000 
       -0.0000000000000000 
       -0.0000000000000000 
       -0.0000000000000000 
       -0.0000000000000000 
       -0.0000000000000000 
       -0.0000000000000000 
       -0.0000000000000000 
       -0.0000000000000000 
       -0.0000000000000000 
       -0.0000000000000000 
       -0.0000000000000000 
