  -1.9464732471010340e-01	
  -1.9464732471010340e-01	
  -1.9425696121430511e-01	
  -1.9360869841149975e-01	
  -1.9270602254024086e-01	
  -1.9155375831486510e-01	
  -1.9015801422724016e-01	
  -1.8852611406372963e-01	
  -1.8666651594417424e-01	
  -1.8458872039995602e-01	
  -1.8230316917566711e-01	
  -1.7982113656014437e-01	
  -1.7715461512601136e-01	
  -1.7431619778248336e-01	
  -1.7131895802578154e-01	
  -1.6817633020827341e-01	
  -1.6490199154586374e-01	
  -1.6150974744863755e-01	
  -1.5801342159841222e-01	
  -1.5442675201520470e-01	
  -1.5076329415926093e-01	
  -1.4703633191268117e-01	
  -1.4325879708086697e-01	
  -1.3944319785449591e-01	
  -1.3560155648227834e-01	
  -1.3174535622734024e-01	
  -1.2788549751880995e-01	
  -1.2403226306735560e-01	
  -1.2019529159044014e-01	
  -1.1638355969061444e-01	
  -1.1260537134825482e-01	
  -1.0886835442816162e-01	
  -1.0517946355630400e-01	
  -1.0154498869726755e-01	
  -9.7970568752911824e-02	
  -9.4461209506484539e-02	
  -9.1021305251976228e-02	
  -8.7654663473847858e-02	
  -8.4364531975475832e-02	
  -8.1153627893891911e-02	
  -7.8024168081954587e-02	
  -7.4977900385423721e-02	
  -7.2016135390178870e-02	
  -6.9139778262839888e-02	
  -6.6349360355348636e-02	
  -6.3645070289835889e-02	
  -6.1026784283709883e-02	
  -5.8494095515874991e-02	
  -5.6046342372991047e-02	
  -5.3682635449496696e-02	
  -5.1401883206640235e-02	
  -4.9202816223961214e-02	
  -4.7084010001604566e-02	
  -4.5043906293629074e-02	
  -4.3080832971249761e-02	
  -4.1193022430913898e-02	
  -3.9378628575458992e-02	
  -3.7635742407556079e-02	
  -3.5962406283432433e-02	
  -3.4356626881713606e-02	
  -3.2816386947349528e-02	
  -3.1339655874200525e-02	
  -2.9924399192158530e-02	
  -2.8568587025850051e-02	
  -2.7270201592183994e-02	
  -2.6027243803424100e-02	
  -2.4837739041225576e-02	
  -2.3699742165303548e-02	
  -2.2611341818209355e-02	
  -2.1570664085179426e-02	
  -2.0575875565273676e-02	
  -1.9625185907111934e-02	
  -1.8716849859509589e-02	
  -1.7849168884260681e-02	
  -1.7020492375262541e-02	
  -1.6229218525156231e-02	
  -1.5473794877702680e-02	
  -1.4752718601246027e-02	
  -1.4064536515853775e-02	
  -1.3407844904079627e-02	
  -1.2781289132779265e-02	
  -1.2183563111028365e-02	
  -1.1613408606948082e-02	
  -1.1069614444138443e-02	
  -1.0551015596452499e-02	
  -1.0056492198012214e-02	
  -9.5849684836670154e-03	
  -9.1354116735228707e-03	
  -8.7068308137193441e-03	
  -8.2982755842977620e-03	
  -7.9088350837799963e-03	
  -7.5376365989578559e-03	
  -7.1838443673718057e-03	
  -6.8466583390280186e-03	
  -6.5253129430586764e-03	
  -6.2190758642662490e-03	
  -5.9272468338014972e-03	
  -5.6491564376028461e-03	
  -5.3841649456650119e-03	
  -5.1316611647030533e-03	
  -4.8910613163294595e-03	
  -4.6618079424615624e-03	
  -4.4433688393208165e-03	
  -4.2352360210701793e-03	
  -4.0369247138568477e-03	
  -3.8479723807826236e-03	
  -3.6679377781087402e-03	
  -3.4964000428142515e-03	
  -3.3329578114638441e-03	
  -3.1772283701997899e-03	
  -3.0288468355516391e-03	
  -2.8874653656539191e-03	
  -2.7527524013747045e-03	
  -2.6243919367848799e-03	
  -2.5020828183374443e-03	
  -2.3855380720770977e-03	
  -2.2744842581611468e-03	
  -2.1686608519424690e-03	
  -2.0678196508426170e-03	
  -1.9717242062274910e-03	
  -1.8801492794881167e-03	
  -1.7928803215244737e-03	
  -1.7097129748302538e-03	
  -1.6304525973801524e-03	
  -1.5549138075284432e-03	
  -1.4829200491374584e-03	
  -1.4143031761669742e-03	
  -1.3489030559698434e-03	
  -1.2865671905550888e-03	
  -1.2271503550971823e-03	
  -1.1705142529883938e-03	
  -1.1165271867505436e-03	
  -1.0650637441421689e-03	
  -1.0160044988175429e-03	
  -9.6923572491439212e-04	
  -9.2464912496801428e-04	
  -8.8214157057011928e-04	
  -8.4161485521132718e-04	
  -8.0297545876678556e-04	
  -7.6613432310453674e-04	
  -7.3100663831603954e-04	
  -6.9751163908797953e-04	
  -6.6557241075335409e-04	
  -6.3511570457867221e-04	
  -6.0607176186210294e-04	
  -5.7837414643524445e-04	
  -5.5195958517819147e-04	
  -5.2676781617430374e-04	
  -5.0274144414714627e-04	
  -4.7982580283755622e-04	
  -4.5796882399395608e-04	
  -4.3712091266333021e-04	
  -4.1723482848441350e-04	
  -3.9826557269787797e-04	
  -3.8017028060139806e-04	
  -3.6290811918968194e-04	
  -3.4644018973167514e-04	
  -3.3072943504830368e-04	
  -3.1574055126537900e-04	
  -3.0143990382648498e-04	
  -2.8779544756091886e-04	
  -2.7477665061125683e-04	
  -2.6235442203440012e-04	
  -2.5050104289866453e-04	
  -2.3919010070796713e-04	
  -2.2839642699211846e-04	
  -2.1809603790999351e-04	
  -2.0826607771955210e-04	
  -1.9888476497583363e-04	
  -1.8993134132452546e-04	
  -1.8138602276528896e-04	
  -1.7322995326487251e-04	
  -1.6544516060601534e-04	
  -1.5801451436351204e-04	
  -1.5092168590418009e-04	
  -1.4415111031241236e-04	
  -1.3768795014777315e-04	
  -1.3151806094563960e-04	
  -1.2562795837627009e-04	
  -1.2000478698172504e-04	
  -1.1463629041400699e-04	
  -1.0951078310159612e-04	
  -1.0461712327495794e-04	
  -9.9944687285179415e-05	
  -9.5483345152896627e-05	
  -9.1223437287940996e-05	
  -8.7155752322872255e-05	
  -8.3271506006482818e-05	
  -7.9562321105867463e-05	
  -7.6020208268257262e-05	
  -7.2637547796186358e-05	
  -6.9407072291751559e-05	
  -6.6321850127988992e-05	
  -6.3375269707400113e-05	
  -6.0561024469583056e-05	
  -5.7873098611820938e-05	
  -5.5305753488247226e-05	
  -5.2853514654847775e-05	
  -5.0511159529190325e-05	
  -4.8273705635304287e-05	
  -4.6136399405495934e-05	
  -4.4094705512383894e-05	
  -4.2144296705607303e-05	
  -4.0281044129034644e-05	
  -3.8501008095348010e-05	
  -3.6800429296107479e-05	
  -3.5175720426435767e-05	
  -3.3623458204408186e-05	
  -3.2140375766332581e-05	
  -3.0723355419897950e-05	
  -2.9369421738064796e-05	
  -2.8075734977523058e-05	
  -2.6839584806126527e-05	
  -2.5658384324613947e-05	
  -2.4529664368628791e-05	
  -2.3451068077611131e-05	
  -2.2420345717982266e-05	
  -2.1435349748388393e-05	
  -2.0494030115674108e-05	
  -1.9594429770460890e-05	
  -1.8734680392063749e-05	
  -1.7912998312757457e-05	
  -1.7127680631903364e-05	
  -1.6377101511104443e-05	
  -1.5659708641651646e-05	
  -1.4974019876250198e-05	
  -1.4318620017232049e-05	
  -1.3692157753831157e-05	
  -1.3093342741591113e-05	
  -1.2520942817105500e-05	
  -1.1973781341813144e-05	
  -1.1450734668703347e-05	
  -1.0950729726222919e-05	
  -1.0472741713849914e-05	
  -1.0015791904080237e-05	
  -9.5789455458855334e-06	
  -9.1613098648372371e-06	
  -8.7620321554206518e-06	
  -8.3802979611998157e-06	
  -8.0153293387195889e-06	
  -7.6663832012736716e-06	
  -7.3327497387675583e-06	
  -7.0137509101671210e-06	
  -6.7087390051108450e-06	
  -6.4170952715230389e-06	
  -6.1382286060906026e-06	
  -5.8715743047238208e-06	
  -5.6165928702294963e-06	
  -5.3727688744802685e-06	
  -5.1396098726221094e-06	
  -4.9166453668570628e-06	
  -4.7034258175310732e-06	
  -4.4995216993347007e-06	
  -4.3045226005318696e-06	
  -4.1180363632040723e-06	
  -3.9396882626610530e-06	
  -3.7691202241654032e-06	
  -3.6059900753059322e-06	
  -3.4499708322730793e-06	
  -3.3007500186449660e-06	
  -3.1580290149780669e-06	
  -3.0215224380113109e-06	
  -2.8909575478863550e-06	
  -2.7660736823387388e-06	
  -2.6466217164017229e-06	
  -2.5323635466329879e-06	
  -2.4230715986089314e-06	
  -2.3185283566946545e-06	
  -2.2185259150592890e-06	
  -2.1228655489400982e-06	
  -2.0313573052477040e-06	
  -1.9438196116367240e-06	
  -1.8600789031837843e-06	
  -1.7799692658714465e-06	
  -1.7033320961207096e-06	
  -1.6300157756499125e-06	
  -1.5598753609262562e-06	
  -1.4927722865723082e-06	
  -1.4285740821140981e-06	
  -1.3671541014124797e-06	
  -1.3083912642466724e-06	
  -1.2521698094736809e-06	
  -1.1983790592541967e-06	
  -1.1469131938253642e-06	
  -1.0976710363579441e-06	
  -1.0505558474553539e-06	
  -1.0054751288057506e-06	
  -9.6234043563283686e-07	
  -9.2106719751648138e-07	
  -8.8157454720756188e-07	
  -8.4378515708076694e-07	
  -8.0762508288765002e-07	
  -7.7302361446277810e-07	
  -7.3991313309447667e-07	
  -7.0822897522193134e-07	
  -6.7790930221989978e-07	
  -6.4889497597962106e-07	
  -6.2112943997796130e-07	
  -5.9455860570895521e-07	
  -5.6913074407508218e-07	
  -5.4479638164631500e-07	
  -5.2150820153780843e-07	
  -4.9922094862470119e-07	
  -4.7789133902036515e-07	
  -4.5747797353091331e-07	
  -4.3794125494786996e-07	
  -4.1924330901695027e-07	
  -4.0134790887857303e-07	
  -3.8422040286959315e-07	
  -3.6782764551168256e-07	
  -3.5213793155107925e-07	
  -3.3712093290296532e-07	
  -3.2274763839356085e-07	
  -3.0899029614328460e-07	
  -2.9582235850981742e-07	
  -2.8321842944689774e-07	
  -2.7115421419005622e-07	
  -2.5960647114497413e-07	
  -2.4855296592354760e-07	
  -2.3797242735952009e-07	
  -2.2784450551058632e-07	
  -2.1814973145675681e-07	
  -2.0886947890942815e-07	
  -1.9998592747356342e-07	
  -1.9148202753920200e-07	
  -1.8334146673412885e-07	
  -1.7554863779400510e-07	
  -1.6808860790137617e-07	
  -1.6094708933329116e-07	
  -1.5411041141201623e-07	
  -1.4756549367479264e-07	
  -1.4129982022097592e-07	
  -1.3530141519406028e-07	
  -1.2955881931609777e-07	
  -1.2406106746310401e-07	
  -1.1879766721929600e-07	
  -1.1375857837303196e-07	
  -1.0893419328739523e-07	
  -1.0431531816411807e-07	
  -9.9893155087294090e-08	
  -9.5659284888319948e-08	
  -9.1605650719201627e-08	
  -8.7724542375554602e-08	
  -8.4008581291445717e-08	
  -8.0450706179951279e-08	
  -7.7044159307771889e-08	
  -7.3782473376706641e-08	
  -7.0659458952175721e-08	
  -6.7669192461862612e-08	
  -6.4806004713985743e-08	
  -6.2064469883272669e-08	
  -5.9439395036407260e-08	
  -5.6925810052995320e-08	
  -5.4518958016534963e-08	
  -5.2214286020885323e-08	
  -5.0007436360015088e-08	
  -4.7894238123346997e-08	
  -4.5870699127692395e-08	
  -4.3932998233218961e-08	
  -4.2077477963759742e-08	
  -4.0300637459678757e-08	
  -3.8599125723391638e-08	
  -3.6969735198335502e-08	
  -3.5409395556021378e-08	
  -3.3915167828473337e-08	
  -3.2484238731179187e-08	
  -3.1113915277409993e-08	
  -2.9801619598555798e-08	
  -2.8544883989590886e-08	
  -2.7341346198068263e-08	
  -2.6188744869378426e-08	
  -2.5084915228394968e-08	
  -2.4027784930478232e-08	
  -2.3015370096271422e-08	
  -2.2045771509361292e-08	
  -2.1117170992460293e-08	
  -2.0227827928729614e-08	
  -1.9376075934007238e-08	
  -1.8560319678923243e-08	
  -1.7779031838249404e-08	
  -1.7030750187032947e-08	
  -1.6314074802440997e-08	
  -1.5627665397756668e-08	
  -1.4970238776835715e-08	
  -1.4340566386124259e-08	
  -1.3737471967790253e-08	
  -1.3159829340847760e-08	
  -1.2606560239054479e-08	
  -1.2076632275908762e-08	
  -1.1569056983832015e-08	
  -1.1082887928641530e-08	
  -1.0617218918475834e-08	
  -1.0171182286557669e-08	
  -9.7439472362920588e-09	
  -9.3347182841131461e-09	
  -8.9427337344659879e-09	
  -8.5672642496823070e-09	
  -8.2076114585651335e-09	
  -7.8631066492670724e-09	
  -7.5331094922681299e-09	
  -7.2170068379930672e-09	
  -6.9142115486236173e-09	
  -6.6241614058283043e-09	
  -6.3463180244404217e-09	
  -6.0801658658389061e-09	
  -5.8252112402802105e-09	
  -5.5809813884369509e-09	
  -5.3470235932206890e-09	
  -5.1229043165472981e-09	
  -4.9082083873878658e-09	
  -4.7025382291765884e-09	
  -4.5055130930076581e-09	
  -4.3167683601152795e-09	
  -4.1359548454308498e-09	
  -3.9627381420618063e-09	
  -3.7967980025484344e-09	
  -3.6378277189072806e-09	
  -3.4855335688945042e-09	
  -3.3396342474557489e-09	
  -3.1998603512779385e-09	
  -3.0659538618214509e-09	
  -2.9376676688723882e-09	
  -2.8147651168657187e-09	
  -2.6970195402542376e-09	
  -2.5842138512507340e-09	
  -2.4761401397167625e-09	
  -2.3725992713979138e-09	
  -2.2734005213825007e-09	
  -2.1783612243180358e-09	
  -2.0873064184191620e-09	
  -2.0000685298063851e-09	
  -1.9164870611221966e-09	
  -1.8364082798885474e-09	
  -1.7596849437122412e-09	
  -1.6861760155899560e-09	
  -1.6157464185142760e-09	
  -1.5482667534329295e-09	
  -1.4836130945132948e-09	
  -1.4216667289475856e-09	
  -1.3623139494649864e-09	
  -1.3054458401167811e-09	
  -1.2509580782694014e-09	
  -1.1987507285755991e-09	
  -1.1487280726918859e-09	
  -1.1007984141731278e-09	
  -1.0548739283609359e-09	
  -1.0108704767835408e-09	
  -9.6870747097716765e-10	
  -9.2830770899118759e-10	
  -8.8959724200901607e-10	
  -8.5250522903281766e-10	
  -8.1696381005992278e-10	
  -7.8290797911690191e-10	
  -7.5027546525857261e-10	
  -7.1900661206898962e-10	
  -6.8904427782446802e-10	
  -6.6033371818603196e-10	
  -6.3282248633840997e-10	
  -6.0646034965595625e-10	
  -5.8119917595140697e-10	
  -5.5699285910497442e-10	
  -5.3379723221030189e-10	
  -5.1156997661670188e-10	
  -4.9027055848256179e-10	
  -4.6986014144783126e-10	
  -4.5030152164153458e-10	
  -4.3155905058686264e-10	
  -4.1359858176324764e-10	
  -3.9638740477098055e-10	
  -3.7989417146644811e-10	
  -3.6408885798148975e-10	
  -3.4894269881845994e-10	
  -3.3442812915287673e-10	
  -3.2051874089030165e-10	
  -3.0718923844940737e-10	
  -2.9441538539481643e-10	
  -2.8217396020045712e-10	
  -2.7044270694830260e-10	
  -2.5920031435358120e-10	
  -2.4842635916087098e-10	
  -2.3810127261341811e-10	
  -2.2820630560881213e-10	
  -2.1872350391184333e-10	
  -2.0963564451111511e-10	
  -2.0092624068137144e-10	
  -1.9257949762423824e-10	
  -1.8458027048900499e-10	
  -1.7691406033268920e-10	
  -1.6956696758453871e-10	
  -1.6252567359957037e-10	
  -1.5577742392069653e-10	
  -1.4930999079136765e-10	
  -1.4311166060448729e-10	
  -1.3717120898213054e-10	
  -1.3147788201464978e-10	
  -1.2602137197218180e-10	
  -1.2079180905046069e-10	
  -1.1577973014644925e-10	
  -1.1097606860646743e-10	
  -1.0637213679299407e-10	
  -1.0195961619782167e-10	
  -9.7730522631484969e-11	
  -9.3677217280713314e-11	
  -8.9792379791039067e-11	
  -8.6068986673612053e-11	
  -8.2500312273743803e-11	
  -7.9079918418278357e-11	
  -7.5801626423777534e-11	
  -7.2659520591588024e-11	
  -6.9647929748376783e-11	
  -6.6761424117481301e-11	
  -6.3994788571439930e-11	
  -6.1343042134691813e-11	
  -5.8801401804888503e-11	
  -5.6365279066419724e-11	
  -5.4030290798834664e-11	
  -5.1792227406924144e-11	
  -4.9647057848570138e-11	
  -4.7590914896555499e-11	
  -4.5620097065344526e-11	
  -4.3731056305201298e-11	
  -4.1920394675564549e-11	
  -4.0184847508098661e-11	
  -3.8521297761916901e-11	
  -3.6926748721132839e-11	
  -3.5398331929323060e-11	
  -3.3933299793321245e-11	
  -3.2529021929946404e-11	
  -3.1182966860849334e-11	
  -2.9892719480846345e-11	
  -2.8655964309866343e-11	
  -2.7470468776868627e-11	
  -2.6334113735931492e-11	
  -2.5244857710841919e-11	
  -2.4200737742199395e-11	
  -2.3199886523298664e-11	
  -2.2240502344016741e-11	
  -2.1320866795100709e-11	
  -2.0439327015371027e-11	
  -1.9594304971443994e-11	
  -1.8784284474433667e-11	
  -1.8007809031088801e-11	
  -1.7263489547684279e-11	
  -1.6549992019136099e-11	
  -1.5866038528324118e-11	
  -1.5210400691895734e-11	
  -1.4581905115620912e-11	
  -1.3979423917378832e-11	
  -1.3401882813236945e-11	
  -1.2848243751632320e-11	
  -1.2317517848472669e-11	
  -1.1808751402118475e-11	
  -1.1321039710902107e-11	
  -1.0853502447121794e-11	
  -1.0405310528941853e-11	
  -9.9756607420696789e-12	
  -9.5637795375914939e-12	
  -9.1689374842202289e-12	
  -8.7904228290188817e-12	
  -8.4275606178229061e-12	
  -8.0797051152971097e-12	
  -7.7462300322170909e-12	
  -7.4265436465783953e-12	
  -7.1200712119672778e-12	
  -6.8262673083110457e-12	
  -6.5446080587333172e-12	
  -6.2745945587461870e-12	
  -6.0157341351304723e-12	
  -5.7675731976570300e-12	
  -5.5296675377556255e-12	
  -5.3015908356704129e-12	
  -5.0829376830495599e-12	
  -4.8733152806003393e-12	
  -4.6723532319659252e-12	
  -4.4796903589154198e-12	
  -4.2949888550843131e-12	
  -4.1179121005337522e-12	
  -3.9481483522413652e-12	
  -3.7853972796330795e-12	
  -3.6293625107459413e-12	
  -3.4797730716569713e-12	
  -3.3363570264397281e-12	
  -3.1988588052181902e-12	
  -3.0670403603651882e-12	
  -2.9406612503053121e-12	
  -2.8194988404670476e-12	
  -2.7033341918923500e-12	
  -2.5919659427769357e-12	
  -2.4851915290598904e-12	
  -2.3828213963447524e-12	
  -2.2846752731968784e-12	
  -2.1905813846928557e-12	
  -2.1003634847048652e-12	
  -2.0138709930508677e-12	
  -1.9309413874298979e-12	
  -1.8514354115653899e-12	
  -1.7752079277478192e-12	
  -1.7021244967197939e-12	
  -1.6320525394562490e-12	
  -1.5648702369830827e-12	
  -1.5004578567306396e-12	
  -1.4387019084740001e-12	
  -1.3794886434159903e-12	
  -1.3227162809538402e-12	
  -1.2682878962600045e-12	
  -1.2160984418707201e-12	
  -1.1660635812602899e-12	
  -1.1180839549587649e-12	
  -1.0720882439801395e-12	
  -1.0279828785663447e-12	
  -9.8569618292774356e-13	
  -9.4515329828157121e-13	
  -9.0627764455186659e-13	
  -8.6900632892606187e-13	
  -8.3326785987359959e-13	
  -7.9900157306565351e-13	
  -7.6614694283650369e-13	
  -7.3464549964955525e-13	
  -7.0444017399965831e-13	
  -6.7547933689910517e-13	
  -6.4771079084381232e-13	
  -6.2108369922970858e-13	
  -5.9555452890463753e-13	
  -5.7107546158679334e-13	
  -5.4760460654468485e-13	
  -5.2509963974966757e-13	
  -5.0352182471902951e-13	
  -4.8283035428978973e-13	
  -4.6298971766707050e-13	
  -4.4397018373085827e-13	
  -4.2572917441347449e-13	
  -4.0823842325389633e-13	
  -3.9146927798627840e-13	
  -3.7538728170839904e-13	
  -3.5996954949158399e-13	
  -3.4518388948961915e-13	
  -3.3100730708895464e-13	
  -3.1741032654003409e-13	
  -3.0437931188360365e-13	
  -2.9187987295085299e-13	
  -2.7989394577961823e-13	
  -2.6840251719018267e-13	
  -2.5738208526734426e-13	
  -2.4681466736655442e-13	
  -2.3668249905848821e-13	
  -2.2696764955815721e-13	
  -2.1765117441791472e-13	
  -2.0871479003088241e-13	
  -2.0015234628278604e-13	
  -1.9194077456673786e-13	
  -1.8405938335658600e-13	
  -1.7650806790334724e-13	
  -1.6926551398940754e-13	
  -1.6231931170956598e-13	
  -1.5566023910059567e-13	
  -1.4927460427417004e-13	
  -1.4315221715308372e-13	
  -1.3727885142831026e-13	
  -1.3164941193399461e-13	
  -1.2624924662333889e-13	
  -1.2107230795078129e-13	
  -1.1610584691437390e-13	
  -1.1134408530815453e-13	
  -1.0677772486265491e-13	
  -1.0240003145609238e-13	
  -9.8202891621539661e-14	
  -9.4176460856407003e-14	
  -9.0313867915883351e-14	
  -8.6609997512426743e-14	
  -8.3060679530663802e-14	
  -7.9658386671754881e-14	
  -7.6392559789640858e-14	
  -7.3260599342209963e-14	
  -7.0259774090929950e-14	
  -6.7380028248523971e-14	
  -6.4618309698500475e-14	
  -6.1971601785403330e-14	
  -5.9430916284056371e-14	
  -5.6997165953783595e-14	
  -5.4659078532839657e-14	
  -5.2421696856289343e-14	
  -5.0274102312895294e-14	
  -4.8216352345363868e-14	
  -4.6241960436563786e-14	
  -4.4347040101957411e-14	
  -4.2532162013261823e-14	
  -4.0790207351281891e-14	
  -3.9116781926419794e-14	
  -3.7515741516577887e-14	
  -3.5980073212979799e-14	
  -3.4507580238153936e-14	
  -3.3094230909412063e-14	
  -3.1738392878351310e-14	
  -3.0438826468520298e-14	
  -2.9190511690373555e-14	
  -2.7996729557221518e-14	
  -2.6848530733073946e-14	
  -2.5752250037782007e-14	
  -2.4699882208314430e-14	
  -2.3688208010028074e-14	
  -2.2719327257642453e-14	
  -2.1790725176477067e-14	
  -2.0898871468183731e-14	
  -2.0044601994328548e-14	
  -1.9221691433850047e-14	
  -1.8433411887541874e-14	
  -1.7680189400415699e-14	
  -1.6959226807852638e-14	
  -1.6265427512976651e-14	
  -1.5600027820370237e-14	
  -1.4962290849734608e-14	
  -1.4349109178411464e-14	
  -1.3765406341551156e-14	
  -1.3198553434608336e-14	
  -1.2660228568120143e-14	
  -1.2142415774954165e-14	
  -1.1646969523961510e-14	
  -1.1169646302563626e-14	
  -1.0712480801144176e-14	
  -1.0278169002109097e-14	
  -9.8577834420125198e-15	
  -9.4537883567306145e-15	
  -9.0680273167766020e-15	
  -8.6984489421279667e-15	
  -8.3424260596609358e-15	
  -8.0014448562631951e-15	
  -7.6734343781514880e-15	
  -7.3582864556285767e-15	
  -7.0591234114425659e-15	
  -6.7719746222446732e-15	
  -6.4950614172976544e-15	
  -6.2296863724753930e-15	
  -5.9762440754433464e-15	
  -5.7336654467858746e-15	
  -5.4981138247005246e-15	
  -5.2742074537494376e-15	
  -5.0579400901559518e-15	
  -4.8505761885034054e-15	
  -4.6530671706469498e-15	
  -4.4647109786185118e-15	
  -4.2808199500581217e-15	
  -4.1070750613521689e-15	
  -3.9404838306313843e-15	
  -3.7781672957785372e-15	
  -3.6252814131770499e-15	
  -3.4771995571547151e-15	
  -3.3353573877167446e-15	
  -3.2006266454970292e-15	
  -3.0679042812931462e-15	
  -2.9432267853375395e-15	
  -2.8237549996096784e-15	
  -2.7091774324196818e-15	
  -2.5982436269127198e-15	
  -2.4934020213148523e-15	
  -2.3904205603298210e-15	
  -2.2962184379260941e-15	
  -2.2022085753985596e-15	
  -2.1131847673646493e-15	
  -2.0273110486806471e-15	
  -1.9433559859264280e-15	
  -1.8643642922349780e-15	
  -1.7885575053929483e-15	
  -1.7170394591541215e-15	
  -1.6462320595881544e-15	
  -1.5780947483679205e-15	
  -1.5142625663932104e-15	
  -1.4530033560552836e-15	
  -1.3935438053264135e-15	
  -1.3365202530475466e-15	
  -1.2820840809599502e-15	
  -1.2301132134869326e-15	
  -1.1797080748984298e-15	
  -1.1321489413289932e-15	
  -1.0836320815664064e-15	
  -1.0402537162156688e-15	
  -9.9825712810098747e-16	
  -9.5754538388728979e-16	
  -9.1958838236924247e-16	
  -8.8155627784646825e-16	
  -8.4901337534975198e-16	
  -8.1316023709613008e-16	
  -7.8202099660437373e-16	
  -7.4965682837803208e-16	
  -7.1916076514066800e-16	
  -6.9112885380893359e-16	
  -6.6124949771592566e-16	
  -6.3536682187062733e-16	
  -6.1108846261844906e-16	
  -5.8553658942789447e-16	
  -5.6188536215374922e-16	
  -5.4110515892071839e-16	
  -5.1924299567179590e-16	
  -4.9772695921529162e-16	
  -4.7699646459332998e-16	
  -4.5995144239994438e-16	
  -4.4086955440450363e-16	
  -4.2196175217887345e-16	
  -4.0636190825014998e-16	
  -3.8839623100383018e-16	
  -3.7288122152903788e-16	
  -3.5846465049048320e-16	
  -3.4418306048804216e-16	
  -3.2952352715337835e-16	
  -3.1692772027349760e-16	
  -3.0257362519706440e-16	
  -2.9340403521009270e-16	
  -2.8080686555324269e-16	
  -2.6721614966518967e-16	
  -2.5789556371842064e-16	
  -2.4547396337394700e-16	
  -2.3568023553796564e-16	
  -2.2855070190012094e-16	
  -2.1753500934913687e-16	
  -2.1014269988349876e-16	
  -2.0516028164690833e-16	
  -1.9357179771619656e-16	
  -1.8704016719306736e-16	
  -1.7941774704669205e-16	
  -1.7352799203299198e-16	
  -1.6459891211978435e-16	
  -1.5938202770483229e-16	
  -1.5331420979268918e-16	
  -1.4790877671846184e-16	
  -1.4216843221905763e-16	
  -1.3715978171517861e-16	
  -1.3170921394495927e-16	
  -1.2637791591411045e-16	
  -1.2219110595646271e-16	
  -1.1762028806824518e-16	
  -1.1166118897125619e-16	
  -1.0815229617575240e-16	
  -1.0542386451013162e-16	
  -1.0022437720938354e-16	
  -9.5629203740939990e-17	
  -9.2124138443703023e-17	
  -8.7939089943600731e-17	
  -8.3998493480585595e-17	
  -8.0999481544062119e-17	
  -7.6590723058833154e-17	
  -7.5229563244993851e-17	
  -7.1900605952824076e-17	
  -6.8406700169294926e-17	
  -6.6478870167585849e-17	
  -6.4579211540124934e-17	
  -6.2525312253218359e-17	
  -6.0798724486446366e-17	
  -5.9977443333322148e-17	
  -5.4829324045020500e-17	
  -5.3981753378217525e-17	
  -5.1849793245835921e-17	
  -4.8984011301645184e-17	
  -4.9501421748528581e-17	
  -4.4777976717003374e-17	
  -4.4172513529876464e-17	
  -4.1423760174697516e-17	
  -4.0000149022671603e-17	
  -3.7713012184643319e-17	
  -3.7117660796559512e-17	
  -3.4675376894303177e-17	
  -3.5336462682151373e-17	
  -3.4648416544671326e-17	
  -3.2656699776869343e-17	
  -3.1426944138017903e-17	
  -3.1121045492708073e-17	
  -2.9575817570744152e-17	
  -2.7830838497633792e-17	
  -2.6525899630166599e-17	
  -2.8617758027485434e-17	
  -2.7152505004344017e-17	
  -2.5593297646450170e-17	
  -2.6133073204353999e-17	
  -2.3492918362304662e-17	
  -2.3198145381921070e-17	
  -2.2259016637484395e-17	
  -2.1632993719536703e-17	
  -2.0935548832933238e-17	
  -2.1393342414309929e-17	
  -2.0888388444429927e-17	
  -2.0230844117166480e-17	
  -1.9271500424730407e-17	
  -1.7479895744265436e-17	
  -1.7659330420586520e-17	
  -1.9375270001634925e-17	
  -1.8095136976861666e-17	
  -1.5846236782847017e-17	
  -1.6497766821090289e-17	
  -1.5590357764403029e-17	
  -1.7067183109363730e-17	
  -1.5009747378242689e-17	
  -1.5091431961739266e-17	
  -1.4456706790877025e-17	
  -1.4456391378171942e-17	
  -1.2855886469363660e-17	
  -1.2352038247187659e-17	
  -1.1159505877719122e-17	
  -1.4815471039230151e-17	
  -1.0973753794590222e-17	
  -1.2897608527422743e-17	
  -1.0084101502671646e-17	
  -1.0302258058274942e-17	
  -9.1692183273432370e-18	
  -6.5984455959776121e-18	
  -9.4130245484802268e-18	
  -1.0220236477129833e-17	
  -9.5669856261806824e-18	
  -9.3250012861877821e-18	
  -6.1479777034446985e-18	
  -9.8004739410460795e-18	
  -9.0613128657941521e-18	
  -8.8674590910939149e-18	
  -9.0837519135985115e-18	
  -7.5124259262503552e-18	
  -7.8878941721559327e-18	
  -7.7779153119235472e-18	
  -8.5001061476325544e-18	
  -6.8820130816855328e-18	
  -7.2962176908488304e-18	
  -5.8810651127840164e-18	
  -3.8636681544734019e-18	
  -5.5862476727117085e-18	
  -5.8434690491951767e-18	
  -4.9607923735562739e-18	
  -5.2163194041376153e-18	
  -4.5618095834961627e-18	
  -8.6011722592309778e-18	
  -6.6378654795578558e-18	
  -6.7281828566374596e-18	
  -9.1358799385069641e-18	
  -6.8481550840735874e-18	
  -8.0513451136285548e-18	
  -6.2781640177601356e-18	
  -4.4645295669446861e-18	
  -6.0184701320804720e-18	
  -6.9759027806289635e-18	
  -4.7966652196962940e-18	
  -3.9580803928844057e-18	
  -7.3739333135682761e-18	
  -2.7281090351953259e-18	
  -3.5199781441816489e-18	
  -3.9219253946951440e-18	
  -5.4048726566930378e-18	
  -4.7072085399535888e-18	
  -4.1955194018347740e-18	
  -2.5184749236520429e-18	
  -4.0766521982619057e-18	
  -7.3846974638936170e-18	
  -5.2436771220414009e-18	
  -3.5210413497591323e-18	
  -5.0474470195748831e-18	
  -4.7600435962900519e-18	
  -3.7930234154090206e-18	
  -2.6125326710910791e-18	
  -4.6053154931994534e-18	
  -2.8732971563357007e-18	
  -5.2449384360380525e-18	
  -5.9284001699477923e-18	
  -5.4916629825040198e-18	
  -5.5253413440312597e-18	
  -3.8839898377576621e-18	
  -4.9482173162760180e-18	
  -4.3629475369022183e-18	
  -4.4791593650101879e-18	
  -3.3202564095672292e-18	
  -6.4904693130904423e-18	
  -2.5508915181524440e-18	
  -4.4078599625417000e-18	
  -4.5009803143845385e-18	
  -3.5511659605680532e-18	
  -4.9849792645100638e-18	
  -3.4743409619012524e-18	
  -5.2750402423134542e-18	
  -5.5415808000363575e-18	
  -4.4642273261929578e-18	
  -4.3687640511658196e-18	
  -5.4321911828953509e-18	
  -6.6501639092650054e-18	
  -5.1218031493920686e-18	
  -5.4870733151889864e-18	
  -5.9504950413166579e-18	
  -4.7678600547154287e-18	
  -4.9077122445705572e-18	
  -2.9972122691042185e-18	
  -4.7453332048443315e-18	
  -2.9062678788822516e-18	
  -2.8635077162036957e-18	
  -5.5476540333063887e-18	
  -8.8796322051407480e-19	
  -2.0776548351718978e-18	
  -2.8133656393981702e-18	
  -2.7414209948972048e-18	
  -2.7298473211620695e-18	
  -4.2092470629459558e-18	
  -3.7611938095777431e-18	
  -3.5547076849477222e-18	
  -3.3564228759163219e-18	
  -3.0293251236435040e-18	
  -4.1186282414434302e-18	
  -5.9744478901393076e-18	
  -5.5417621825470243e-18	
  -5.0804523100663452e-18	
  -6.2675788832563744e-18	
