output from piSimple.sh on 13.02.15

N         Na        Nb        Nc        L         Tb        S/F       E         Num       im(S)                         
130       300       80        2         5         .800      S         
130       300       80        2         5         .795      S         
130       300       80        2         5         .790      S         
130       300       80        2         5         .785      S         
130       300       80        2         5         .780      S         
130       300       80        2         5         .775      S         
130       300       80        2         5         .770      S         
130       300       80        2         5         .765      S         
130       300       80        2         5         .760      S         
130       300       80        2         5         .755      S         
130       300       80        2         5         .750      S         
130       300       80        2         5         .745      S         
130       300       80        2         5         .740      S         
130       300       80        2         5         .735      S         
130       300       80        2         5         .730      S         
130       300       80        2         5         .725      S         
130       300       80        2         5         .720      S         
130       300       80        2         5         .715      S         
130       300       80        2         5         .710      S         
130       300       80        2         5         .705      S         
130       300       80        2         5         .700      S         
130       300       80        2         5         .695      S         
130       300       80        2         5         .690      S         
130       300       80        2         5         .685      S         
130       300       80        2         5         .680      S         
130       300       80        2         5         .675      S         
130       300       80        2         5         .670      S         
130       300       80        2         5         .665      S         
130       300       80        2         5         .660      S         
130       300       80        2         5         .655      S         
130       300       80        2         5         .650      S         
130       300       80        2         5         .645      S         
130       300       80        2         5         .640      S         
130       300       80        2         5         .635      S         
130       300       80        2         5         .630      S         
130       300       80        2         5         .625      S         
130       300       80        2         5         .620      S         
130       300       80        2         5         .615      S         
130       300       80        2         5         .610      S         
130       300       80        2         5         .605      S         
130       300       80        2         5         .600      S         
130       300       80        2         5         .595      S         
130       300       80        2         5         .655      S                                                           
130       300       80        2         5         .650      S                                                           
130       300       80        2         5         .645      S                                                           
130       300       80        2         5         .640      S                                                           
130       300       80        2         5         .635      S                                                           
130       300       80        2         5         .630      S                                                           
130       300       80        2         5         .625      S                                                           
130       300       80        2         5         .620      S                                                           
130       300       80        2         5         .615      S                                                           
130       300       80        2         5         .610      S                                                           
130       300       80        2         5         .605      S                                                           
130       300       80        2         5         .600      S                                                           
130       300       80        2         5         .595      S                                                           
